-2 2 3379 1152 95
-2 3 3525 876 89
-2 4 3574 821 87
-2 5 3574 821 87
-2 6 3574 821 87
-2 7 3574 821 87
-2 8 3567 771 85
-3 2 3448 1028 92
-3 3 3512 869 88
-3 4 3561 815 86
-3 5 3561 815 86
-3 6 3561 815 86
-3 7 3561 815 86
-3 8 3560 768 84
-4 2 3448 1028 92
-4 3 3512 869 88
-4 4 3561 815 86
-4 5 3561 815 86
-4 6 3561 815 86
-4 7 3561 815 86
-4 8 3560 768 84
-5 2 3412 1009 90
-5 3 3487 857 86
-5 4 3536 802 84
-5 5 3536 802 84
-5 6 3536 802 84
-5 7 3536 802 84
-5 8 3548 762 82
-6 2 3375 990 88
-6 3 3463 844 84
-6 4 3512 789 82
-6 5 3512 789 82
-6 6 3512 789 82
-6 7 3512 789 82
-6 8 3536 755 80
-7 2 3304 1037 86
-7 3 3398 885 82
-7 4 3426 879 80
-7 5 3426 879 80
-7 6 3426 879 80
-7 7 3426 879 80
-7 8 3456 848 78
-8 2 3197 1151 87
-8 3 3298 993 83
-8 4 3326 987 81
-8 5 3326 987 81
-8 6 3326 987 81
-8 7 3326 987 81
-8 8 3362 959 79
